A-01 : 
[0.9997284170662498, -0.02007076031961477, -0.01184300174799636, 0.06827389297950594;
  0.02039077903230702, 0.9994124363488034, 0.02754992199271661, 0.2120109677301202;
  0.0112830953495083, -0.02778392793579985, 0.9995502714260009, 0.03107357103799387]
A-02 : 
[0.9997582106848382, -0.02013526693603853, -0.008836922182817277, 0.01409088581247543;
  0.02033677846029281, 0.9995207399728591, 0.02333893326536933, 0.2118708524521289;
  0.008362751347951525, -0.02351300468938127, 0.999688553000568, 0.03395138487800934]
A-03 : 
[0.8084426479224753, -0.03178941015072622, 0.5877158483675299, -0.5584106935750897;
  0.03368612574746239, 0.9994026454599154, 0.007719920974261026, 0.1893241367867681;
  -0.5876101853714099, 0.01355675661770132, 0.8090305831041158, 0.1342016887767027]
A-04 : 
[0.8096631818058192, -0.03198083289105157, 0.5860228309167412, -0.6204974081906979;
  0.03428084215160247, 0.9993864765269668, 0.007175959614675345, 0.1891469202264567;
  -0.5858927853195104, 0.01427924586976394, 0.8102627643227455, 0.1349422460501694]
A-05 : 
[0.259994288900717, -0.07503443576257629, 0.9626903984089601, -1.005765352748035;
  0.05976838894005258, 0.9963151223075071, 0.06151354927890215, 0.1573323933426113;
  -0.9637586364969817, 0.0415452826584335, 0.2635209290859263, 0.7185582383425961]
A-06 : 
[0.2575944442753645, -0.07503187418837726, 0.96333551794494, -1.065209973773666;
  0.06023504464583399, 0.9962883649707693, 0.06149173294342419, 0.1568699849223623;
  -0.9643738080614698, 0.0421866291572406, 0.2611578960042544, 0.721772809618467]
A-07 : 
[-0.6203148995695565, -0.02602190644927307, 0.7839210966396787, -0.790627439675091;
  0.06024862503962196, 0.9949158519910658, 0.08070037569756254, 0.1374136483976837;
  -0.7820355033838592, 0.09728981365815224, -0.6155933427235191, 1.628284597286272]
A-08 : 
[-0.6205257305061632, -0.02569786087423447, 0.783764912283193, -0.8502763657721567;
  0.06050826250520818, 0.9949141574703103, 0.08052682431179901, 0.1376515418716103;
  -0.7818481744868332, 0.09739321953622344, -0.6158149014435877, 1.628691379415393]
A-09 : 
[-0.9982373044107195, 0.0002933887795175572, 0.05934810869644351, -0.02856569580979745;
  0.005006984642597481, 0.9968390359583787, 0.07928976285977392, 0.1653529687678403;
  -0.05913724873216215, 0.07944715421331618, -0.9950833811795854, 2.1029460213377]
A-10 : 
[-0.9982491419844677, 0.0004600444422182656, 0.05914760254131461, -0.09136339677189041;
  0.005161562906874773, 0.9968326789392856, 0.07935974084562966, 0.1653467742098604;
  -0.05892375408638283, 0.07952608727856733, -0.9950897410015487, 2.10345755056589]
A-11 : 
[-0.7593332978820834, 0.008532880280294485, -0.6506459349612825, 0.7535720452151875;
  -0.05338314203365321, 0.9957265009378782, 0.07535897741228295, 0.1482842822460456;
  0.6485084293007564, 0.09195610520314748, -0.7556327757857871, 1.812990892671237]
A-12 : 
[-0.7590613707762487, 0.008542868858433118, -0.6509630210595299, 0.6921681898343229;
  -0.0524695107260349, 0.9958582459084491, 0.07425162961388564, 0.1508931784858569;
  0.6489012142379245, 0.09051725497282141, -0.7554692850888991, 1.812883419129321]
A-13 : 
[-0.2493032668794187, 0.06543223399689593, -0.9662124527646209, 0.9935282480841308;
  -0.04633940231411449, 0.995765968042495, 0.07939015481508944, 0.1429647616376472;
  0.9673161535487868, 0.06456593252303174, -0.2452156182648474, 1.339070455453261]
A-14 : 
[-0.2477035370995682, 0.0653939107357485, -0.9666263984327387, 0.937638301856167;
  -0.04538012219768337, 0.9958412330993853, 0.0789992592903196, 0.1447406727317344;
  0.9677724950718977, 0.06343402003484234, -0.2437058121681406, 1.335052006722352]
A-15 : 
[0.5961903642955028, 0.05495925377235369, -0.8009597555095896, 0.8749029896903533;
  -0.04304485593649629, 0.9984073719712183, 0.03646724517880981, 0.1867361576019645;
  0.8016883371351998, 0.01273577709883354, 0.5976065679718445, 0.3955707151557591]
A-16 : 
[0.5957808749971278, 0.05493344627018536, -0.8012661639358905, 0.8080944242606254;
  -0.04286409501728054, 0.9984111046016899, 0.03657780155207317, 0.1868778285189481;
  0.8020023805114336, 0.01255319437091445, 0.5971889139669957, 0.3962661668709629]
B-01 : 
[0.9999354694675066, -0.004763127475166306, -0.01031355988263305, 0.0696390059887428;
  0.004802201472771854, 0.9999813735101356, 0.003767159911335038, -0.002504604889493853;
  0.01029542431433741, -0.00381644460695787, 0.9999397176773956, 0.01272119645055359]
B-02 : 
[0.9999653359131825, -0.004707419005508067, -0.006867836511051635, 0.005693909054961449;
  0.004734688025789012, 0.9999809515750291, 0.00395969902866887, -0.002199463386049043;
  0.006849065727119473, -0.003992078832609958, 0.9999685763089057, 0.01376924139180541]
B-03 : 
[0.7409170137272351, -0.02642981378780221, 0.6710763322548771, -0.5640274268554624;
  0.01355196270368586, 0.9996102572654689, 0.02440651299429965, -0.006544019750556681;
  -0.6714598447237138, -0.008988799297187055, 0.7409864225549621, 0.186093702425005]
B-04 : 
[0.7414116353216715, -0.02654878416394393, 0.6705251293345097, -0.6289925486084164;
  0.01288583469265373, 0.9995960934388264, 0.02532992787417322, -0.00661440085609532;
  -0.6709267786233594, -0.01013962727389601, 0.7414542775416622, 0.1886045071007558]
B-05 : 
[0.2876244317398789, -0.04746973125890127, 0.9565661560396748, -1.022425061131574;
  0.02449797617160735, 0.9988088005264014, 0.04219987149869839, -0.006856340102315513;
  -0.9574299114973415, 0.01129622083791695, 0.2884447260134495, 0.6901390340769858]
B-06 : 
[0.2839379294840502, -0.04741606015432855, 0.9576695512752568, -1.080891311706982;
  0.02432235309636427, 0.9988113214281338, 0.0422417722975843, -0.006569768025425797;
  -0.9585341284170149, 0.01129873561184072, 0.2847536887090444, 0.693259516576615]
B-07 : 
[-0.656021706212162, -0.09323827967144274, 0.748960709371589, -0.7166755389460534;
  -0.01570431835968927, 0.9938114707756148, 0.1099642439144038, -0.06595790586649308;
  -0.7545786210616766, 0.0603770134961874, -0.6534261403387073, 1.653063289352708]
B-08 : 
[-0.6559214503331454, -0.09321040212719525, 0.7490519821268411, -0.7794319398842489;
  -0.0152835773304443, 0.9937829483949548, 0.1102808403278366, -0.06672968849401956;
  -0.7546744087729802, 0.06088737483843447, -0.6532681412164814, 1.653337337997709]
B-09 : 
[-0.9853203632985998, 0.02955377475190748, -0.1681379078822756, 0.4490034012624889;
  0.009175562693241379, 0.9926456743037251, 0.120707805610762, -0.1371890356934552;
  0.1704687382436366, 0.1173930989624885, -0.9783451689447881, 2.053486619365496]
B-10 : 
[-0.985344218178028, 0.02960030634408964, -0.1679898615020171, 0.3868712711370083;
  0.009214854967237323, 0.9926275020195449, 0.1208541628673635, -0.1381044075151442;
  0.170328676831189, 0.117534948414395, -0.9783525324494039, 2.067359448082001]
B-11 : 
[-0.7758651504778641, 0.0291415766881204, -0.6302253857010933, 0.7075678400234444;
  -0.04609595324139651, 0.9936443162668414, 0.1026943807876978, -0.1093049764082289;
  0.6292125486421329, 0.1087278311138969, -0.769590688205451, 1.816912030372337]
B-12 : 
[-0.7739847904285915, 0.02940051413839762, -0.632521267589958, 0.6453302559423078;
  -0.04591985053049429, 0.9936851405483574, 0.1023777748373572, -0.1087405721904636;
  0.6315369439015158, 0.1082841226671271, -0.7677471180445709, 1.812551939007962]
B-13 : 
[-0.1844658474972891, 0.07023065577580301, -0.9803264793406365, 1.082939208196426;
  -0.06038524403390177, 0.994749459814549, 0.08262647579092913, -0.09468263705791652;
  0.9809821473452374, 0.07443901657036808, -0.1792564068644785, 1.26302490407975]
B-14 : 
[-0.1868464514093625, 0.06998760769951513, -0.9798929218869925, 1.017941132713236;
  -0.06180716965432854, 0.994645469415381, 0.08282671037037201, -0.09646987959544515;
  0.9804428985795399, 0.0760402849807601, -0.1815202404278791, 1.265616623799671]
B-15 : 
[0.6233292953484563, 0.04643616989861792, -0.7805794461075335, 0.876475821400152;
  -0.02757429929190007, 0.998919651588728, 0.03740571732255492, -0.02077693405463631;
  0.7814731265878294, -0.001792148152596991, 0.6239363273812812, 0.3634285587496253]
B-16 : 
[0.6246229043404554, 0.04626599107283296, -0.7795547995127365, 0.8162916395213295;
  -0.02656544160652678, 0.9989245716120585, 0.03799970449774323, -0.02033674751429539;
  0.7804745381404472, -0.003026268281916159, 0.6251802436215826, 0.3640986217357887]
C-01 : 
[0.9902991873999352, -0.02576323760202479, 0.136542209676311, 0.08154208734431069;
  0.01570294304455282, 0.9971159833143035, 0.07425047743206235, -0.2328915477288982;
  -0.1380613523574487, -0.07138607292330408, 0.9878477066723499, 0.005738197626158491]
C-02 : 
[0.989971916026622, -0.02554958957915488, 0.1389346031444853, 0.01798855110281526;
  0.01504170717930564, 0.9969819530936057, 0.07616253836888225, -0.2319858556969757;
  -0.1404612135919056, -0.0733089604209211, 0.9873684437930417, 0.01720299612058522]
C-03 : 
[0.7380297801679918, -0.02849409300066646, 0.6741662482275829, -0.5697918966463154;
  -0.03623147438713199, 0.9959932644485665, 0.0817599990020932, -0.2241236954316489;
  -0.6737947193685331, -0.08476735124537661, 0.7340403070090379, 0.2009765011406572]
C-04 : 
[0.7362935672468921, -0.02844980788119338, 0.6760638958429666, -0.6341901989329772;
  -0.03610127166292693, 0.9960411589652935, 0.08123243090905366, -0.22317609619281;
  -0.6756985134031048, -0.08421768269548749, 0.7323516238162078, 0.2062365964972281]
C-05 : 
[0.19712004453241, -0.06503560518815582, 0.9782198413962737, -0.9474229807264353;
  0.004514887877325457, 0.9978469021760268, 0.06543069314291156, -0.2387678790347821;
  -0.9803689631108259, -0.00848114824283791, 0.1969892542589243, 0.7791055373847551]
C-06 : 
[0.1953242048365804, -0.06485323014503824, 0.9785921078491857, -1.008962532988492;
  0.00220159206546499, 0.9978377004676453, 0.06568924202500245, -0.2367312110899739;
  -0.9807362581231178, -0.01067623834488386, 0.1950446357567118, 0.7856276120233654]
C-07 : 
[-0.6000633151812618, -0.06969801043969162, 0.7969104122261311, -0.8326583372628671;
  -0.01329546757280227, 0.9969284963597038, 0.077180332261528, -0.2481308598067378;
  -0.7998420145976918, 0.03571778949946276, -0.5991468861619643, 1.602007627284417]
C-08 : 
[-0.6023635024789784, -0.06961517526455863, 0.7951804438328086, -0.8880821375782988;
  -0.0116426714411985, 0.9968499767140701, 0.07845108110707667, -0.2518137063465272;
  -0.7981369926791829, 0.03799804334490932, -0.6012765500325024, 1.603396470464441]
C-09 : 
[-0.9938584669143815, 0.03422111078003977, -0.1052343257667171, 0.3098472550386712;
  0.02942695033969842, 0.9984717961090253, 0.046777419429914, -0.2134904711563489;
  0.1066742815129318, 0.0433934090824565, -0.9933466714656582, 2.089022350789608]
C-10 : 
[-0.9932699769963146, 0.0343990207938538, -0.1105959319602884, 0.2580035955545598;
  0.0295388023363358, 0.9985371474841831, 0.04528823523483125, -0.2101143610765286;
  0.1119920173685411, 0.04171657299652672, -0.9928330753873733, 2.098615736208652]
C-11 : 
[-0.8198967819826081, 0.03596755330474399, -0.5713804354402013, 0.5619676283862955;
  -0.004338044523738743, 0.9976056621464637, 0.06902263558445815, -0.2529339874306122;
  0.572494932959475, 0.0590701105685883, -0.8177776432338689, 1.860236546501397]
C-12 : 
[-0.8193170300635201, 0.03619583333024412, -0.5721970516329337, 0.5010649729751462;
  -0.004143824156181284, 0.9976053132166406, 0.06903961010383806, -0.2531418158212341;
  0.5733257651364149, 0.05893641227167225, -0.8172050332317392, 1.855324534780342]
C-13 : 
[-0.1515846231312047, 0.04729526392414288, -0.9873121391133182, 1.120837693783467;
  -0.01537160806389914, 0.9986210347558663, 0.05019703784739736, -0.2388919806989038;
  0.9883247521415723, 0.02278567430358035, -0.1506485889440411, 1.230525589470834]
C-14 : 
[-0.1483088796803424, 0.04745793398816753, -0.987801711230314, 1.060525197951892;
  -0.01351683822163838, 0.9986573009606541, 0.05000890243218676, -0.2366791838422606;
  0.9888487100120281, 0.02076872021951887, -0.1474682642740179, 1.228043939201455]
C-15 : 
[0.5363582211361089, 0.0397164779270481, -0.8430554311554961, 0.8526197031867804;
  0.01066486797795938, 0.9984934700761322, 0.05382425853030375, -0.2276057594315641;
  0.8439230528968396, -0.03786015843065874, 0.5351266104324133, 0.4520971493227756]
C-16 : 
[0.5328781292985444, 0.04099997406424168, -0.845198143302513, 0.7796616268702981;
  0.01040113184252997, 0.9984326776401558, 0.05499095086196513, -0.2282706150557111;
  0.8461280729131248, -0.03809449234522313, 0.5316164913556404, 0.4574468013818158]
L-01 : 
[0.04695197961858011, 0.9988001537660024, 0.01391992984560536, 0.2576216636319491;
  0.5424793760455163, -0.03719734583024314, 0.8392451870749409, -0.8563210236332253;
  0.8387560063422281, -0.03185294806129263, -0.5435749732324335, 1.561771746968055]
L-02 : 
[0.0486686362822919, 0.9987317962731463, 0.0128904210728838, 0.1876797744219645;
  0.5436391809266981, -0.03731397790977387, 0.8384891818108912, -0.8543680933557228;
  0.8379067995927534, -0.03380038706232813, -0.5447657561105196, 1.569498805409754]
L-03 : 
[0.05113985512613217, 0.9914076944047487, 0.1203972536760634, -0.05657551925584353;
  0.8740653340711164, 0.01388583514880737, -0.4856099003905991, 0.6123665544505099;
  -0.4831092081432786, 0.130069085709404, -0.8658449780127467, 1.980331816419066]
L-04 : 
[0.05019478376961417, 0.9915959346364156, 0.1192391969733741, -0.1211230582716598;
  0.8751629993136483, 0.01385544959301577, -0.4836297666075928, 0.6088944370412469;
  -0.4812174231204237, 0.1286294248183861, -0.8671126009672736, 1.97589100935881]
L-05 : 
[0.04863989044851474, 0.9959163784492993, 0.07605740064969835, 0.04115913106266855;
  0.1065498707566274, 0.07053936854566339, -0.9918020581380769, 1.151329320773451;
  -0.9931169548944891, 0.05634504966375781, -0.1026837342498128, 1.101461435314885]
L-06 : 
[0.04871595201290696, 0.9959216511242166, 0.07593958678772483, -0.02925022263920968;
  0.1060798866645796, 0.07044089548918792, -0.991859434540959, 1.151184506733729;
  -0.9931635382275701, 0.05637503937644323, -0.1022156605936606, 1.10069057359501]
R-01 : 
[-0.007573465687899486, 0.9920727498805929, 0.125436444312778, 0.1152509535313783;
  -0.9974268661870872, 0.001448373421467008, -0.07167669651036074, 0.1976493115828047;
  -0.07129017622141623, -0.1256565205581885, 0.989509044736595, -0.04013121598471729]
R-02 : 
[-0.007181930297013422, 0.9927377359427517, 0.1200841684505845, 0.04947564728842858;
  -0.9970747861863706, 0.002028867353719596, -0.0764051990944621, 0.1985618617284985;
  -0.07609395921235941, -0.1202816333964605, 0.9898191946203447, -0.03030160365126709]
R-03 : 
[0.02303566373499699, 0.9970063562123281, 0.07380842681228378, 0.06866162038260594;
  0.4007500333403373, 0.05842807261215888, -0.9143224656042018, 0.8452421912106107;
  -0.9158977939562944, 0.05064075436883231, -0.398204401059241, 1.406977682501173]
R-04 : 
[0.02191231340387167, 0.9970819450714, 0.07312622876864394, 0.0005870484202384341;
  0.3995468558741252, 0.05831514613356492, -0.9148560835959512, 0.8469266421588908;
  -0.9164508500090943, 0.04926396800963673, -0.3971031364438639, 1.407245569460846]
R-05 : 
[0.07067399516552975, 0.9532917533219235, 0.2936665106132393, -0.4244689634983711;
  0.9700494977309772, 0.002907154164207171, -0.2428899347575862, 0.1597979955187189;
  -0.2323987055885245, 0.3020370531955949, -0.9245347263016678, 2.041262337407201]
R-06 : 
[0.06924726155278627, 0.9552521433530985, 0.2875728766534688, -0.480921525729369;
  0.9693855697814964, 0.003639459605849216, -0.2455165400399349, 0.1655213643553356;
  -0.2355768109701029, 0.2957703449521073, -0.9257556206581021, 2.030288642803451]

